last_change = 2024-09-19T13:49:21.013303Z
addr = 0x2288dc
size = 0x83

[header]
last_change = 2024-09-19T13:49:21.013303Z
addr = 0x2288dc

[header.args.0x2]
offset = 0x2
name = "next"
size = 0x8
