last_change = 2024-09-19T13:49:04.794812Z
addr = 0x28b758
size = 0xee

[stack_vars.-0x50]
last_change = 2024-09-19T13:49:04.794812Z
offset = -80
name = "var_38"
type = "long long[3]"
size = 0x18
addr = 0x28b758
